0 0.618333 0.535393 0.59 0.358427 0.90691
1 0.485 0.419101 0.73 0.703371 0.939718
0 0.618333 0.535393 0.59 0.358427 0.90691
1 0.485 0.419101 0.73 0.703371 0.939718
0 0.618333 0.535393 0.59 0.358427 0.90691
1 0.485 0.419101 0.73 0.703371 0.939718
0 0.618333 0.535393 0.59 0.358427 0.90691
1 0.485 0.419101 0.73 0.703371 0.939718
0 0.618333 0.535393 0.59 0.358427 0.90691
1 0.485 0.419101 0.73 0.703371 0.939718
0 0.618333 0.535393 0.59 0.358427 0.90691
1 0.485 0.419101 0.73 0.703371 0.939718
0 0.618333 0.535393 0.59 0.358427 0.90691
1 0.485 0.419101 0.73 0.703371 0.939718
0 0.618333 0.535393 0.59 0.358427 0.90691
1 0.485 0.419101 0.73 0.703371 0.939718
2 0.697874 0.646333 0.090081 0.185333 0.269636
1 0.854251 0.385667 0.157895 0.24 0.640386
0 0.248313 0.6065 0.0843455 0.159667 0.728468
1 0.83114 0.5555 0.185897 0.557 0.741397
1 0.475709 0.544167 0.155196 0.254333 0.888001
1 0.635121 0.4805 0.16498 0.207 0.889501
1 0.210358 0.534 0.165655 0.255333 0.8997
1 0.816536 0.365618 0.236038 0.154376 0.290405
5 0.498255 0.20567 0.0924956 0.0449033 0.294695
5 0.284031 0.0958702 0.17452 0.0875123 0.314426
3 0.937391 0.364143 0.0868237 0.072763 0.368746
1 0.527269 0.366109 0.188918 0.192724 0.768688
1 0.57308 0.578991 0.652269 0.424451 0.780344
1 0.782286 0.195837 0.323735 0.215339 0.857781
6 0.499564 0.11783 0.185864 0.0691577 0.90851
1 0.816536 0.365618 0.236038 0.154376 0.290405
5 0.498255 0.20567 0.0924956 0.0449033 0.294695
5 0.284031 0.0958702 0.17452 0.0875123 0.314426
3 0.937391 0.364143 0.0868237 0.072763 0.368746
1 0.527269 0.366109 0.188918 0.192724 0.768688
1 0.57308 0.578991 0.652269 0.424451 0.780344
1 0.782286 0.195837 0.323735 0.215339 0.857781
6 0.499564 0.11783 0.185864 0.0691577 0.90851
1 0.816536 0.365618 0.236038 0.154376 0.290405
5 0.498255 0.20567 0.0924956 0.0449033 0.294695
5 0.284031 0.0958702 0.17452 0.0875123 0.314426
3 0.937391 0.364143 0.0868237 0.072763 0.368746
1 0.527269 0.366109 0.188918 0.192724 0.768688
1 0.57308 0.578991 0.652269 0.424451 0.780344
1 0.782286 0.195837 0.323735 0.215339 0.857781
6 0.499564 0.11783 0.185864 0.0691577 0.90851
